1 184 0 0
1 29 0 0
1 31 0 0
1 12 0 0
1 51 0 0
1 102 0 0
1 13 0 0
1 14 0 0
1 15 0 0
1 57 0 0
1 378 0 0
1 859 0 0
1 185 0 0
1 30 0 0
1 37 0 0
1 52 0 0
1 142 0 0
1 195 0 0
1 875 0 0
1 56 0 0
1 66 0 0
1 95 0 0
1 462 0 0
1 497 0 0
1 858 0 0
1 876 0 0
1 879 0 0
1 880 0 0
1 486 0 0
2 12 0 0
2 15 0 0
2 184 0 0
2 858 0 0
2 51 0 0
2 102 0 0
2 202 0 0
2 14 0 0
2 52 0 0
2 380 0 0
2 746 0 0
2 859 0 0
2 948 0 0
2 285 0 0
2 390 0 0
2 391 0 0
2 442 0 0
2 497 0 0
2 643 0 0
2 856 0 0
2 857 0 0
2 877 0 0
2 864 0 0
2 658 0 0
2 486 0 0
3 5 0 0
3 6 0 0
3 90 0 0
3 91 0 0
3 119 0 0
3 144 0 0
3 181 0 0
3 399 0 0
3 485 0 0
4 236 0 0
4 166 0 0
4 488 0 0
5 552 0 0
5 401 0 0
5 1297 0 0
5 1296 0 0
5 488 0 0
6 99 0 0
6 115 0 0
6 257 0 0
6 258 0 0
6 491 0 0
7 20 0 0
7 56 0 0
7 57 0 0
7 58 0 0
7 19 0 0
7 492 0 0
8 48 0 0
8 122 0 0
8 20 0 0
8 58 0 0
8 196 0 0
8 354 0 0
8 360 0 0
8 197 0 0
8 999 0 0
8 1112 0 0
8 1005 0 0
8 492 0 0
9 21 0 0
9 22 0 0
9 550 0 0
9 534 0 0
10 259 0 0
10 405 0 0
10 302 0 0
10 436 0 0
10 437 0 0
10 438 0 0
10 998 0 0
10 1011 0 0
10 493 0 0
11 27 0 0
11 28 0 0
11 262 0 0
11 160 0 0
11 20 0 0
11 263 0 0
11 654 0 0
11 495 0 0
12 86 0 0
12 194 0 0
12 650 0 0
12 649 0 0
12 652 0 0
12 624 0 0
13 64 0 0
13 265 0 0
13 65 0 0
13 311 0 0
13 496 0 0
14 64 0 0
14 65 0 0
14 496 0 0
15 463 0 0
15 462 0 0
15 497 0 0
16 266 0 0
16 106 0 0
16 196 0 0
16 498 0 0
17 106 0 0
17 196 0 0
17 498 0 0
18 196 0 0
18 197 0 0
18 198 0 0
18 498 0 0
19 32 0 0
19 67 0 0
19 164 0 0
19 639 0 0
19 715 0 0
19 716 0 0
19 719 0 0
19 1379 0 0
19 717 0 0
19 499 0 0
20 87 0 0
20 88 0 0
20 104 0 0
20 267 0 0
20 268 0 0
20 269 0 0
20 270 0 0
20 407 0 0
20 408 0 0
20 500 0 0
21 271 0 0
21 16 0 0
21 413 0 0
21 414 0 0
21 502 0 0
22 68 0 0
22 502 0 0
23 900 0 0
23 902 0 0
23 200 0 0
23 201 0 0
23 601 0 0
23 899 0 0
23 903 0 0
23 593 0 0
23 199 0 0
23 594 0 0
23 901 0 0
23 544 0 0
23 597 0 0
23 749 0 0
23 917 0 0
23 919 0 0
23 1333 0 0
23 634 0 0
23 687 0 0
23 698 0 0
23 1290 0 0
23 700 0 0
23 704 0 0
23 705 0 0
23 1109 0 0
23 1112 0 0
23 1141 0 0
23 1197 0 0
23 1256 0 0
23 1259 0 0
23 1272 0 0
23 1289 0 0
23 892 0 0
24 46 0 0
24 47 0 0
24 92 0 0
24 756 0 0
25 213 0 0
25 212 0 0
25 214 0 0
25 215 0 0
25 216 0 0
25 276 0 0
25 277 0 0
25 426 0 0
25 427 0 0
25 511 0 0
26 145 0 0
26 611 0 0
26 376 0 0
26 406 0 0
26 565 0 0
26 1076 0 0
26 511 0 0
27 224 0 0
27 278 0 0
27 428 0 0
27 512 0 0
28 224 0 0
28 279 0 0
28 512 0 0
29 250 0 0
29 514 0 0
29 609 0 0
29 225 0 0
29 793 0 0
29 464 0 0
29 465 0 0
29 612 0 0
29 466 0 0
29 513 0 0
30 225 0 0
30 464 0 0
30 514 0 0
30 466 0 0
30 609 0 0
30 612 0 0
30 793 0 0
30 513 0 0
31 776 0 0
31 751 0 0
32 465 0 0
32 249 0 0
32 777 0 0
32 778 0 0
32 247 0 0
32 250 0 0
32 752 0 0
33 252 0 0
33 431 0 0
33 141 0 0
33 516 0 0
34 252 0 0
34 431 0 0
34 672 0 0
34 714 0 0
34 799 0 0
34 800 0 0
34 516 0 0
35 166 0 0
35 167 0 0
35 132 0 0
35 517 0 0
36 169 0 0
36 168 0 0
36 518 0 0
37 173 0 0
37 188 0 0
37 172 0 0
37 97 0 0
37 121 0 0
37 187 0 0
37 242 0 0
37 409 0 0
37 487 0 0
37 519 0 0
38 24 0 0
38 283 0 0
38 552 0 0
38 272 0 0
38 557 0 0
38 558 0 0
38 553 0 0
38 554 0 0
38 555 0 0
38 556 0 0
38 536 0 0
39 272 0 0
39 555 0 0
39 24 0 0
39 283 0 0
39 552 0 0
39 79 0 0
39 207 0 0
39 418 0 0
39 557 0 0
39 554 0 0
39 556 0 0
39 505 0 0
39 1257 0 0
39 536 0 0
40 24 0 0
40 283 0 0
40 552 0 0
40 272 0 0
40 85 0 0
40 976 0 0
40 557 0 0
40 558 0 0
40 553 0 0
40 554 0 0
40 555 0 0
40 556 0 0
40 536 0 0
41 288 0 0
41 289 0 0
41 433 0 0
41 520 0 0
42 468 0 0
42 467 0 0
42 469 0 0
42 470 0 0
42 775 0 0
42 521 0 0
43 467 0 0
43 468 0 0
43 39 0 0
43 503 0 0
43 775 0 0
43 469 0 0
43 521 0 0
44 302 0 0
44 436 0 0
44 437 0 0
44 524 0 0
45 305 0 0
45 570 0 0
45 308 0 0
45 481 0 0
45 338 0 0
45 1226 0 0
45 1355 0 0
45 1185 0 0
45 629 0 0
45 663 0 0
45 798 0 0
45 572 0 0
45 525 0 0
46 305 0 0
46 338 0 0
46 344 0 0
46 481 0 0
46 84 0 0
46 123 0 0
46 1185 0 0
46 623 0 0
46 570 0 0
46 798 0 0
46 1226 0 0
46 629 0 0
46 663 0 0
46 572 0 0
46 1355 0 0
46 525 0 0
47 304 0 0
47 306 0 0
47 307 0 0
47 305 0 0
47 629 0 0
47 663 0 0
47 308 0 0
47 309 0 0
47 310 0 0
47 570 0 0
47 798 0 0
47 1185 0 0
47 1355 0 0
47 572 0 0
47 525 0 0
48 439 0 0
48 311 0 0
48 316 0 0
48 440 0 0
48 187 0 0
48 314 0 0
48 315 0 0
48 797 0 0
48 798 0 0
48 794 0 0
48 265 0 0
48 526 0 0
49 320 0 0
49 478 0 0
49 527 0 0
50 326 0 0
50 629 0 0
50 21 0 0
50 94 0 0
50 22 0 0
50 306 0 0
50 528 0 0
51 94 0 0
51 23 0 0
51 105 0 0
51 381 0 0
51 192 0 0
51 326 0 0
51 63 0 0
51 494 0 0
51 629 0 0
51 261 0 0
51 528 0 0
52 21 0 0
52 22 0 0
52 306 0 0
52 326 0 0
52 528 0 0
53 296 0 0
53 33 0 0
53 446 0 0
53 447 0 0
53 448 0 0
53 449 0 0
53 208 0 0
53 297 0 0
53 298 0 0
53 299 0 0
53 531 0 0
54 84 0 0
54 24 0 0
54 101 0 0
54 294 0 0
54 628 0 0
54 661 0 0
54 364 0 0
54 365 0 0
54 560 0 0
54 123 0 0
55 16 0 0
55 375 0 0
55 460 0 0
55 378 0 0
55 255 0 0
55 271 0 0
55 376 0 0
55 377 0 0
55 562 0 0
55 502 0 0
55 538 0 0
56 380 0 0
56 749 0 0
56 1339 0 0
56 14 0 0
56 705 0 0
56 779 0 0
56 780 0 0
56 379 0 0
56 643 0 0
56 686 0 0
56 753 0 0
57 380 0 0
57 593 0 0
57 746 0 0
57 914 0 0
57 14 0 0
57 379 0 0
57 705 0 0
57 779 0 0
57 780 0 0
57 704 0 0
57 12 0 0
57 15 0 0
57 857 0 0
57 859 0 0
57 753 0 0
58 788 0 0
58 785 0 0
58 786 0 0
58 787 0 0
58 23 0 0
58 381 0 0
58 382 0 0
58 784 0 0
58 789 0 0
58 754 0 0
59 788 0 0
59 785 0 0
59 786 0 0
59 787 0 0
59 754 0 0
60 475 0 0
60 476 0 0
60 527 0 0
60 320 0 0
60 478 0 0
60 322 0 0
61 565 0 0
61 566 0 0
61 564 0 0
61 1159 0 0
61 661 0 0
61 539 0 0
62 566 0 0
62 567 0 0
62 1084 0 0
62 1078 0 0
62 1081 0 0
62 539 0 0
63 567 0 0
63 564 0 0
63 566 0 0
63 539 0 0
64 390 0 0
64 391 0 0
64 627 0 0
65 2 0 0
65 3 0 0
65 128 0 0
65 180 0 0
65 323 0 0
65 324 0 0
65 418 0 0
65 664 0 0
65 629 0 0
65 393 0 0
65 394 0 0
65 659 0 0
65 4 0 0
65 384 0 0
65 1302 0 0
65 388 0 0
66 664 0 0
66 629 0 0
66 180 0 0
66 659 0 0
66 660 0 0
66 388 0 0
67 2 0 0
67 3 0 0
67 664 0 0
67 629 0 0
67 323 0 0
67 324 0 0
67 393 0 0
67 128 0 0
67 180 0 0
67 394 0 0
67 659 0 0
67 389 0 0
67 4 0 0
67 1302 0 0
67 388 0 0
68 662 0 0
68 101 0 0
68 460 0 0
68 661 0 0
68 62 0 0
68 628 0 0
69 458 0 0
69 570 0 0
69 977 0 0
69 62 0 0
69 336 0 0
69 540 0 0
70 333 0 0
70 568 0 0
70 570 0 0
70 62 0 0
70 101 0 0
70 283 0 0
70 565 0 0
70 24 0 0
70 977 0 0
70 307 0 0
70 540 0 0
71 569 0 0
71 571 0 0
71 1355 0 0
71 101 0 0
71 655 0 0
71 1213 0 0
71 798 0 0
71 572 0 0
71 540 0 0
72 21 0 0
72 324 0 0
72 630 0 0
72 94 0 0
72 664 0 0
72 304 0 0
72 128 0 0
72 323 0 0
72 663 0 0
72 570 0 0
72 494 0 0
72 305 0 0
72 309 0 0
72 571 0 0
72 655 0 0
72 388 0 0
72 62 0 0
72 629 0 0
73 332 0 0
73 572 0 0
73 578 0 0
73 573 0 0
73 574 0 0
73 421 0 0
73 25 0 0
73 317 0 0
73 577 0 0
73 401 0 0
73 625 0 0
73 160 0 0
73 1213 0 0
73 1304 0 0
73 1198 0 0
73 655 0 0
73 1355 0 0
73 68 0 0
73 571 0 0
73 1252 0 0
73 541 0 0
74 576 0 0
74 656 0 0
74 575 0 0
74 317 0 0
74 574 0 0
74 578 0 0
74 541 0 0
75 667 0 0
75 324 0 0
75 378 0 0
75 666 0 0
75 670 0 0
75 630 0 0
76 378 0 0
76 667 0 0
76 324 0 0
76 666 0 0
76 670 0 0
76 1391 0 0
76 329 0 0
76 630 0 0
77 668 0 0
77 666 0 0
77 667 0 0
77 670 0 0
77 329 0 0
77 1391 0 0
77 630 0 0
78 588 0 0
78 589 0 0
78 590 0 0
78 543 0 0
79 597 0 0
79 598 0 0
79 688 0 0
79 708 0 0
79 713 0 0
79 544 0 0
80 594 0 0
80 597 0 0
80 596 0 0
80 598 0 0
80 544 0 0
81 672 0 0
81 799 0 0
81 631 0 0
82 676 0 0
82 677 0 0
82 678 0 0
82 679 0 0
82 205 0 0
82 632 0 0
83 680 0 0
83 681 0 0
83 682 0 0
83 683 0 0
83 633 0 0
84 606 0 0
84 406 0 0
84 608 0 0
84 142 0 0
84 294 0 0
84 354 0 0
84 522 0 0
84 962 0 0
84 1192 0 0
84 1213 0 0
84 873 0 0
84 546 0 0
85 608 0 0
85 406 0 0
85 606 0 0
85 710 0 0
85 546 0 0
86 594 0 0
86 790 0 0
86 755 0 0
87 606 0 0
87 611 0 0
87 562 0 0
87 50 0 0
87 236 0 0
87 609 0 0
87 612 0 0
87 406 0 0
87 547 0 0
88 613 0 0
88 614 0 0
88 615 0 0
88 616 0 0
88 617 0 0
88 618 0 0
88 548 0 0
89 793 0 0
89 794 0 0
89 797 0 0
89 795 0 0
89 796 0 0
89 420 0 0
89 757 0 0
90 794 0 0
90 797 0 0
90 798 0 0
90 793 0 0
90 796 0 0
90 291 0 0
90 800 0 0
90 1187 0 0
90 256 0 0
90 311 0 0
90 335 0 0
90 1315 0 0
90 1364 0 0
90 1367 0 0
90 757 0 0
91 252 0 0
91 801 0 0
91 797 0 0
91 799 0 0
91 800 0 0
91 793 0 0
91 794 0 0
91 1154 0 0
91 672 0 0
91 757 0 0
92 802 0 0
92 803 0 0
92 808 0 0
92 809 0 0
92 811 0 0
92 804 0 0
92 805 0 0
92 806 0 0
92 253 0 0
92 1247 0 0
92 807 0 0
92 810 0 0
92 1243 0 0
92 758 0 0
93 691 0 0
93 635 0 0
94 24 0 0
94 283 0 0
94 294 0 0
94 559 0 0
94 689 0 0
94 690 0 0
94 101 0 0
94 1393 0 0
94 354 0 0
94 1104 0 0
94 1161 0 0
94 1395 0 0
94 635 0 0
95 283 0 0
95 662 0 0
95 635 0 0
96 703 0 0
96 704 0 0
96 705 0 0
96 698 0 0
96 699 0 0
96 700 0 0
96 1289 0 0
96 779 0 0
96 701 0 0
96 702 0 0
96 706 0 0
96 792 0 0
96 1339 0 0
96 637 0 0
97 699 0 0
97 700 0 0
97 701 0 0
97 698 0 0
97 1289 0 0
97 702 0 0
97 703 0 0
97 779 0 0
97 1339 0 0
97 681 0 0
97 637 0 0
98 713 0 0
98 708 0 0
98 709 0 0
98 711 0 0
98 712 0 0
98 638 0 0
99 717 0 0
99 719 0 0
99 1001 0 0
99 1379 0 0
99 639 0 0
100 821 0 0
100 822 0 0
100 824 0 0
100 820 0 0
100 823 0 0
100 825 0 0
100 1122 0 0
100 1051 0 0
100 1121 0 0
100 760 0 0
101 817 0 0
101 818 0 0
101 819 0 0
101 820 0 0
101 825 0 0
101 824 0 0
101 760 0 0
102 728 0 0
102 913 0 0
102 910 0 0
102 911 0 0
102 729 0 0
103 826 0 0
103 828 0 0
103 761 0 0
104 833 0 0
104 834 0 0
104 835 0 0
104 836 0 0
104 837 0 0
104 762 0 0
105 848 0 0
105 844 0 0
105 845 0 0
105 846 0 0
105 847 0 0
105 764 0 0
106 847 0 0
106 846 0 0
106 849 0 0
106 844 0 0
106 845 0 0
106 764 0 0
107 725 0 0
107 728 0 0
107 729 0 0
107 911 0 0
107 720 0 0
107 75 0 0
107 909 0 0
107 640 0 0
108 724 0 0
108 726 0 0
108 727 0 0
108 75 0 0
108 909 0 0
108 720 0 0
108 723 0 0
108 640 0 0
109 860 0 0
109 861 0 0
109 606 0 0
109 980 0 0
109 12 0 0
109 766 0 0
110 862 0 0
110 863 0 0
110 31 0 0
110 1174 0 0
110 766 0 0
111 15 0 0
111 391 0 0
111 864 0 0
111 914 0 0
111 392 0 0
111 627 0 0
111 658 0 0
111 894 0 0
112 731 0 0
112 730 0 0
112 641 0 0
113 746 0 0
113 748 0 0
113 749 0 0
113 265 0 0
113 643 0 0
114 919 0 0
114 916 0 0
114 920 0 0
114 921 0 0
114 895 0 0
115 51 0 0
115 185 0 0
115 878 0 0
115 874 0 0
115 184 0 0
116 922 0 0
116 360 0 0
116 605 0 0
116 927 0 0
116 492 0 0
116 896 0 0
117 360 0 0
117 605 0 0
117 896 0 0
118 923 0 0
118 924 0 0
118 925 0 0
118 896 0 0
119 926 0 0
119 897 0 0
120 829 0 0
120 887 0 0
120 890 0 0
120 885 0 0
120 886 0 0
120 888 0 0
120 889 0 0
120 1146 0 0
120 891 0 0
120 769 0 0
121 885 0 0
121 886 0 0
121 1146 0 0
121 887 0 0
121 888 0 0
121 890 0 0
121 891 0 0
121 769 0 0
122 931 0 0
122 932 0 0
122 934 0 0
122 935 0 0
122 936 0 0
122 937 0 0
122 938 0 0
122 957 0 0
122 1131 0 0
122 898 0 0
123 966 0 0
123 967 0 0
123 941 0 0
124 967 0 0
124 968 0 0
124 964 0 0
124 965 0 0
124 941 0 0
125 969 0 0
125 970 0 0
125 971 0 0
125 187 0 0
125 973 0 0
125 173 0 0
125 974 0 0
125 177 0 0
125 972 0 0
125 174 0 0
125 997 0 0
125 176 0 0
125 409 0 0
125 946 0 0
125 992 0 0
125 994 0 0
125 942 0 0
126 974 0 0
126 1326 0 0
126 187 0 0
126 969 0 0
126 970 0 0
126 971 0 0
126 972 0 0
126 973 0 0
126 942 0 0
127 101 0 0
127 164 0 0
127 981 0 0
127 982 0 0
127 983 0 0
127 944 0 0
128 985 0 0
128 990 0 0
128 945 0 0
129 985 0 0
129 987 0 0
129 984 0 0
129 988 0 0
129 989 0 0
129 986 0 0
129 990 0 0
129 945 0 0
130 766 0 0
130 858 0 0
130 859 0 0
130 1008 0 0
130 12 0 0
130 948 0 0
131 1014 0 0
131 1020 0 0
131 1013 0 0
131 1016 0 0
131 1017 0 0
131 1012 0 0
131 1018 0 0
131 1019 0 0
131 950 0 0
132 1014 0 0
132 1013 0 0
132 1015 0 0
132 1016 0 0
132 1012 0 0
132 1018 0 0
132 1019 0 0
132 1017 0 0
132 951 0 0
132 1023 0 0
132 1020 0 0
132 952 0 0
132 1024 0 0
132 1025 0 0
132 1026 0 0
132 950 0 0
133 1020 0 0
133 1018 0 0
133 1019 0 0
133 1024 0 0
133 1012 0 0
133 1016 0 0
133 1022 0 0
133 950 0 0
134 1027 0 0
134 1028 0 0
134 951 0 0
135 1018 0 0
135 1017 0 0
135 1023 0 0
135 1024 0 0
135 1025 0 0
135 1026 0 0
135 950 0 0
135 1016 0 0
135 951 0 0
136 1021 0 0
136 1022 0 0
136 1034 0 0
136 951 0 0
137 1029 0 0
137 1034 0 0
137 951 0 0
137 1021 0 0
137 952 0 0
138 846 0 0
138 1036 0 0
138 953 0 0
139 1031 0 0
139 1032 0 0
139 1035 0 0
139 1037 0 0
139 953 0 0
140 1038 0 0
140 1039 0 0
140 1041 0 0
140 1042 0 0
140 1043 0 0
140 1044 0 0
140 954 0 0
141 1038 0 0
141 1041 0 0
141 1043 0 0
141 1044 0 0
141 1039 0 0
141 1042 0 0
141 954 0 0
142 1042 0 0
142 954 0 0
143 1043 0 0
143 1044 0 0
143 954 0 0
144 840 0 0
144 1045 0 0
144 763 0 0
144 838 0 0
144 839 0 0
144 841 0 0
144 743 0 0
144 955 0 0
145 763 0 0
145 838 0 0
145 839 0 0
145 1045 0 0
145 743 0 0
145 852 0 0
145 841 0 0
145 955 0 0
146 840 0 0
146 1045 0 0
146 955 0 0
147 889 0 0
147 1046 0 0
147 1048 0 0
147 1047 0 0
147 1049 0 0
147 1051 0 0
147 1050 0 0
147 843 0 0
147 926 0 0
147 822 0 0
147 956 0 0
148 889 0 0
148 1048 0 0
148 1050 0 0
148 1046 0 0
148 1049 0 0
148 843 0 0
148 956 0 0
149 1057 0 0
149 1058 0 0
149 1059 0 0
149 1052 0 0
149 930 0 0
149 931 0 0
149 934 0 0
149 936 0 0
149 937 0 0
149 938 0 0
149 1131 0 0
149 957 0 0
150 1074 0 0
150 1075 0 0
150 1062 0 0
151 687 0 0
151 1076 0 0
151 1074 0 0
151 1075 0 0
151 1077 0 0
151 1062 0 0
152 1076 0 0
152 1077 0 0
152 569 0 0
152 572 0 0
152 687 0 0
152 655 0 0
152 1062 0 0
153 1078 0 0
153 1083 0 0
153 1084 0 0
153 1080 0 0
153 1081 0 0
153 1082 0 0
153 1085 0 0
153 1063 0 0
154 1087 0 0
154 1088 0 0
154 1063 0 0
155 1103 0 0
155 1100 0 0
155 983 0 0
155 1101 0 0
155 1104 0 0
155 1099 0 0
155 1065 0 0
156 983 0 0
156 1102 0 0
156 1097 0 0
156 1100 0 0
156 274 0 0
156 1096 0 0
156 1098 0 0
156 1099 0 0
156 1103 0 0
156 982 0 0
156 1104 0 0
156 553 0 0
156 1101 0 0
156 82 0 0
156 1065 0 0
157 273 0 0
157 1105 0 0
157 1106 0 0
157 93 0 0
157 161 0 0
157 302 0 0
157 122 0 0
157 666 0 0
157 1107 0 0
157 556 0 0
157 25 0 0
157 1011 0 0
157 19 0 0
157 35 0 0
157 1355 0 0
157 372 0 0
157 410 0 0
157 456 0 0
157 36 0 0
157 44 0 0
157 215 0 0
157 626 0 0
157 1151 0 0
157 354 0 0
157 369 0 0
157 370 0 0
157 421 0 0
157 557 0 0
157 605 0 0
157 655 0 0
157 657 0 0
157 689 0 0
157 1307 0 0
157 318 0 0
157 423 0 0
157 1304 0 0
157 160 0 0
157 482 0 0
157 572 0 0
157 1006 0 0
158 302 0 0
158 1011 0 0
158 552 0 0
158 998 0 0
158 1009 0 0
158 1010 0 0
158 273 0 0
158 556 0 0
158 1006 0 0
159 234 0 0
159 1108 0 0
159 1110 0 0
159 1114 0 0
159 1115 0 0
159 1111 0 0
159 1112 0 0
159 231 0 0
159 1066 0 0
160 1134 0 0
160 1137 0 0
160 1138 0 0
160 1135 0 0
160 1136 0 0
160 1071 0 0
161 54 0 0
161 1386 0 0
161 562 0 0
161 336 0 0
161 55 0 0
161 996 0 0
161 489 0 0
162 111 0 0
162 155 0 0
162 460 0 0
162 461 0 0
162 54 0 0
162 562 0 0
162 458 0 0
162 459 0 0
162 489 0 0
163 20 0 0
163 56 0 0
163 57 0 0
163 492 0 0
164 311 0 0
164 415 0 0
164 416 0 0
164 798 0 0
164 316 0 0
164 335 0 0
164 1364 0 0
164 1367 0 0
164 503 0 0
165 71 0 0
165 72 0 0
165 504 0 0
166 40 0 0
166 41 0 0
166 74 0 0
166 207 0 0
166 272 0 0
166 418 0 0
166 170 0 0
166 1264 0 0
166 504 0 0
167 274 0 0
167 82 0 0
167 509 0 0
168 217 0 0
168 774 0 0
168 750 0 0
169 118 0 0
169 157 0 0
169 774 0 0
169 775 0 0
169 750 0 0
170 139 0 0
170 238 0 0
170 239 0 0
170 904 0 0
170 906 0 0
170 672 0 0
170 893 0 0
171 252 0 0
171 431 0 0
171 141 0 0
171 516 0 0
172 320 0 0
172 321 0 0
172 322 0 0
172 476 0 0
172 527 0 0
173 367 0 0
173 451 0 0
173 532 0 0
174 58 0 0
174 411 0 0
174 36 0 0
174 423 0 0
174 482 0 0
174 533 0 0
175 351 0 0
175 966 0 0
175 967 0 0
175 964 0 0
175 965 0 0
175 941 0 0
176 582 0 0
176 583 0 0
176 584 0 0
176 585 0 0
176 978 0 0
176 586 0 0
176 982 0 0
176 542 0 0
177 588 0 0
177 589 0 0
177 592 0 0
177 772 0 0
177 590 0 0
177 543 0 0
178 591 0 0
178 590 0 0
178 588 0 0
178 589 0 0
178 543 0 0
179 680 0 0
179 681 0 0
179 682 0 0
179 683 0 0
179 633 0 0
180 622 0 0
180 619 0 0
180 620 0 0
180 621 0 0
180 617 0 0
180 616 0 0
180 1150 0 0
180 548 0 0
181 973 0 0
181 974 0 0
181 409 0 0
181 997 0 0
181 1061 0 0
181 942 0 0
182 685 0 0
182 686 0 0
182 634 0 0
183 803 0 0
183 808 0 0
183 802 0 0
183 807 0 0
183 811 0 0
183 253 0 0
183 804 0 0
183 805 0 0
183 806 0 0
183 809 0 0
183 810 0 0
183 1243 0 0
183 1247 0 0
183 758 0 0
184 32 0 0
184 67 0 0
184 715 0 0
184 717 0 0
184 716 0 0
184 499 0 0
184 1379 0 0
184 639 0 0
185 858 0 0
185 859 0 0
185 857 0 0
185 1008 0 0
185 856 0 0
185 15 0 0
185 285 0 0
185 894 0 0
185 766 0 0
185 948 0 0
186 1309 0 0
186 1378 0 0
186 923 0 0
186 161 0 0
186 421 0 0
186 1377 0 0
186 924 0 0
186 1062 0 0
186 1074 0 0
186 1379 0 0
186 1380 0 0
186 1075 0 0
186 225 0 0
186 1280 0 0
186 1305 0 0
186 1304 0 0
186 1188 0 0
187 838 0 0
187 839 0 0
187 840 0 0
187 743 0 0
187 842 0 0
187 1045 0 0
187 763 0 0
188 721 0 0
188 722 0 0
188 723 0 0
188 75 0 0
188 909 0 0
188 724 0 0
188 726 0 0
188 725 0 0
188 728 0 0
188 729 0 0
188 911 0 0
188 640 0 0
189 395 0 0
189 866 0 0
189 869 0 0
189 865 0 0
189 868 0 0
189 870 0 0
189 867 0 0
189 872 0 0
189 873 0 0
189 767 0 0
190 15 0 0
190 391 0 0
190 285 0 0
190 390 0 0
190 864 0 0
190 894 0 0
191 914 0 0
191 915 0 0
191 285 0 0
191 857 0 0
191 858 0 0
191 15 0 0
191 391 0 0
191 856 0 0
191 390 0 0
191 1008 0 0
191 948 0 0
191 864 0 0
191 658 0 0
191 894 0 0
192 733 0 0
192 734 0 0
192 735 0 0
192 736 0 0
192 641 0 0
193 730 0 0
193 422 0 0
193 648 0 0
193 731 0 0
193 733 0 0
193 734 0 0
193 1392 0 0
193 735 0 0
193 736 0 0
193 641 0 0
194 739 0 0
194 740 0 0
194 742 0 0
194 744 0 0
194 741 0 0
194 743 0 0
194 642 0 0
195 739 0 0
195 742 0 0
195 743 0 0
195 642 0 0
196 51 0 0
196 185 0 0
196 874 0 0
196 878 0 0
196 879 0 0
196 880 0 0
196 12 0 0
196 875 0 0
196 876 0 0
196 202 0 0
196 746 0 0
196 13 0 0
196 184 0 0
197 881 0 0
197 883 0 0
197 884 0 0
197 768 0 0
198 887 0 0
198 888 0 0
198 889 0 0
198 843 0 0
198 769 0 0
199 1052 0 0
199 1053 0 0
199 1054 0 0
199 1055 0 0
199 1056 0 0
199 1060 0 0
199 743 0 0
199 744 0 0
199 957 0 0
200 1134 0 0
200 1137 0 0
200 1138 0 0
200 1071 0 0
201 552 0 0
201 625 0 0
201 1296 0 0
201 93 0 0
201 1151 0 0
201 401 0 0
201 110 0 0
201 1391 0 0
201 423 0 0
201 541 0 0
201 1295 0 0
201 318 0 0
201 1304 0 0
201 160 0 0
201 369 0 0
201 482 0 0
201 1140 0 0
202 1303 0 0
202 1304 0 0
202 1309 0 0
202 1306 0 0
202 1308 0 0
202 605 0 0
202 602 0 0
202 603 0 0
202 604 0 0
202 1110 0 0
202 1305 0 0
202 1310 0 0
202 48 0 0
202 232 0 0
202 1285 0 0
203 58 0 0
203 1305 0 0
203 1306 0 0
203 602 0 0
203 603 0 0
203 604 0 0
203 1307 0 0
203 1310 0 0
203 19 0 0
203 232 0 0
203 323 0 0
203 688 0 0
203 122 0 0
203 1188 0 0
203 1285 0 0
204 572 0 0
204 1311 0 0
204 63 0 0
204 540 0 0
204 602 0 0
204 603 0 0
204 604 0 0
204 1305 0 0
204 1188 0 0
204 307 0 0
204 1213 0 0
204 655 0 0
204 1355 0 0
204 68 0 0
204 1285 0 0
205 1321 0 0
205 1322 0 0
205 1287 0 0
206 1338 0 0
206 1341 0 0
206 1340 0 0
206 1290 0 0
207 1338 0 0
207 1339 0 0
207 1340 0 0
207 1341 0 0
207 879 0 0
207 1290 0 0
208 163 0 0
208 1344 0 0
208 1345 0 0
208 164 0 0
208 1347 0 0
208 1346 0 0
208 1291 0 0
209 1351 0 0
209 1356 0 0
209 1350 0 0
209 187 0 0
209 487 0 0
209 45 0 0
209 55 0 0
209 316 0 0
209 1383 0 0
209 1385 0 0
209 1106 0 0
209 1228 0 0
209 1292 0 0
210 1171 0 0
210 891 0 0
210 1172 0 0
210 1173 0 0
210 1030 0 0
210 1174 0 0
210 1145 0 0
211 891 0 0
211 1172 0 0
211 1173 0 0
211 1174 0 0
211 763 0 0
211 769 0 0
211 1030 0 0
211 1031 0 0
211 1033 0 0
211 1052 0 0
211 1068 0 0
211 1145 0 0
212 888 0 0
212 889 0 0
212 1178 0 0
212 885 0 0
212 887 0 0
212 886 0 0
212 841 0 0
212 1176 0 0
212 1177 0 0
212 890 0 0
212 769 0 0
212 891 0 0
212 1173 0 0
212 843 0 0
212 1146 0 0
213 888 0 0
213 885 0 0
213 887 0 0
213 889 0 0
213 1178 0 0
213 769 0 0
213 1173 0 0
213 1177 0 0
213 886 0 0
213 890 0 0
213 843 0 0
213 1146 0 0
214 833 0 0
214 1361 0 0
214 1362 0 0
214 1363 0 0
214 1294 0 0
215 37 0 0
215 35 0 0
215 535 0 0
216 156 0 0
216 506 0 0
217 666 0 0
217 667 0 0
217 1258 0 0
217 1394 0 0
217 668 0 0
217 670 0 0
217 1204 0 0
217 1391 0 0
217 1395 0 0
217 1300 0 0
217 37 0 0
217 559 0 0
217 630 0 0
217 1107 0 0
217 1213 0 0
217 1191 0 0
218 24 0 0
218 101 0 0
218 666 0 0
218 667 0 0
218 93 0 0
218 1258 0 0
218 1393 0 0
218 559 0 0
218 630 0 0
218 662 0 0
218 1104 0 0
218 1107 0 0
218 1204 0 0
218 1213 0 0
218 1300 0 0
218 1191 0 0
219 1391 0 0
219 666 0 0
219 667 0 0
219 1258 0 0
219 1078 0 0
219 1080 0 0
219 1081 0 0
219 1394 0 0
219 1395 0 0
219 1214 0 0
219 1198 0 0
219 1204 0 0
219 1300 0 0
219 559 0 0
219 630 0 0
219 662 0 0
219 1107 0 0
219 1213 0 0
219 1191 0 0
220 1383 0 0
220 1385 0 0
220 155 0 0
220 241 0 0
220 1382 0 0
220 1370 0 0
220 1386 0 0
220 111 0 0
220 1384 0 0
220 150 0 0
220 292 0 0
220 458 0 0
220 479 0 0
220 977 0 0
220 376 0 0
220 459 0 0
220 1365 0 0
220 62 0 0
220 1366 0 0
220 1182 0 0
221 155 0 0
221 1383 0 0
221 1385 0 0
221 1382 0 0
221 62 0 0
221 292 0 0
221 241 0 0
221 1370 0 0
221 1384 0 0
221 458 0 0
221 459 0 0
221 461 0 0
221 1386 0 0
221 1365 0 0
221 1366 0 0
221 111 0 0
221 150 0 0
221 479 0 0
221 1182 0 0
222 400 0 0
222 419 0 0
222 1387 0 0
222 412 0 0
222 1392 0 0
222 1398 0 0
222 1397 0 0
222 1400 0 0
222 1399 0 0
222 1396 0 0
223 400 0 0
223 1387 0 0
223 1392 0 0
223 1398 0 0
223 1396 0 0
224 656 0 0
224 1313 0 0
224 1317 0 0
224 1316 0 0
224 1318 0 0
224 1319 0 0
224 1157 0 0
224 1274 0 0
224 1286 0 0
225 1379 0 0
225 1305 0 0
225 1304 0 0
225 40 0 0
225 293 0 0
225 1309 0 0
225 161 0 0
225 421 0 0
225 1377 0 0
225 1378 0 0
225 1381 0 0
225 225 0 0
225 1380 0 0
225 448 0 0
225 449 0 0
225 1124 0 0
225 1280 0 0
225 433 0 0
225 923 0 0
225 924 0 0
225 1062 0 0
225 1074 0 0
225 1075 0 0
225 1213 0 0
225 1188 0 0
